0	0.5462274176408076	0.3134962805526036	0.6089266737513284	0.463336875664187	0.6025504782146652	0.3018065887353879	0.5409139213602551	0.2922422954303932	
0.5462274176408076	0	0.59192348565356	0.5696068012752391	0.29011689691817216	0.5462274176408076	0.4527098831030818	0.463336875664187	0.6025504782146652	
0.3134962805526036	0.59192348565356	0	0.6439957492029755	0.5430393198724761	0.6344314558979809	0.4495217853347503	0.589798087141339	0.463336875664187	
0.6089266737513284	0.5696068012752391	0.6439957492029755	0	0.5069075451647184	0.49309245483528164	0.5727948990435706	0.3198724760892667	0.6323060573857598	
0.463336875664187	0.29011689691817216	0.5430393198724761	0.5069075451647184	0	0.4782146652497343	0.281615302869288	0.31562167906482463	0.5345377258235919	
0.6025504782146652	0.5462274176408076	0.6344314558979809	0.49309245483528164	0.4782146652497343	0	0.5611052072263549	0.3241232731137088	0.6333687566418703	
0.3018065887353879	0.4527098831030818	0.4495217853347503	0.5727948990435706	0.281615302869288	0.5611052072263549	0	0.44314558979808716	0.44314558979808716	
0.5409139213602551	0.463336875664187	0.589798087141339	0.3198724760892667	0.31562167906482463	0.3241232731137088	0.44314558979808716	0	0.5887353878852285	
0.2922422954303932	0.6025504782146652	0.463336875664187	0.6323060573857598	0.5345377258235919	0.6333687566418703	0.44314558979808716	0.5887353878852285	0	
